528
567
506
534
637
480
587
556
533
492
539
544
567
465
595
497
632
490
568
530
530
542
544
530
517
624
519
408
714
479
471
437
537
550
463
479
609
547
572
671
590
555
460
537
643
617
555
551
459
532
535
573
507
424
559
493
530
560
474
590
505
573
494
470
516
503
465
539
510
496
525
475
536
587
500
546
536
525
517
499
541
606
580
628
489
839
546
454
482
470
554
507
530
579
410
479
691
488
607
549
570
593
514
554
488
446
525
526
526
523
659
449
586
482
547
505
512
475
481
533
555
591
552
542
472
520
459
601
501
510
524
567
577
498
595
562
394
476
437
496
572
599
502
471
453
544
509
561
515
460
526
386
552
576
510
458
562
488
489
514
529
640
459
486
486
554
478
568
531
498
528
507
564
529
468
391
507
633
417
538
617
489
629
507
521
555
527
499
536
440
577
475
421
569
480
636
528
542
486
516
484
524
531
604
469
544
491
565
447
479
507
520
477
598
518
609
490
592
516
536
711
468
594
621
475
444
504
448
617
565
503
578
594
462
561
612
596
603
591
564
541
566
489
514
421
564
693
526
670
540
560
522
538
524
558
598
517
470
548
533
571
502
500
546
424
456
624
393
524
516
513
513
428
490
503
505
469
526
607
429
576
488
478
556
485
571
500
550
588
463
512
572
541
514
433
471
457
430
504
506
478
376
540
